02001a0000000000
00000c0000000000
0000150000000000
0000080000000000
0000070000000000
02002d0000000000
0200130000000000
0000150000000000
0000120000000000
0000170000000000
0000120000000000
0000060000000000
0000120000000000
00000f0000000000
02002d0000000000
0000240000000000
02002d0000000000
00000c0000000000
0000160000000000
02002d0000000000
0000040000000000
00000f0000000000
00000c0000000000
0000190000000000
0000080000000000
02002d0000000000
00001f0000000000
0000270000000000
00001f0000000000
0000230000000000

